        0.0000000000         1.7712270910         1.7386456231       104.0404075478       -75.8082796180   2
       20.0000000000         1.7645221421         1.7606302563       104.4430014248       -75.8104334828   2
       40.0000000000         1.7780851297         1.8036951767       105.3727427805       -75.8164629184   2
       60.0000000000         1.8106776809         1.8623753197       106.8769698481       -75.8246067370   2
       80.0000000000         1.8583254782         1.9306023173       108.9498946137       -75.8325685957   2
      100.0000000000         1.9162680212         2.0030311284       111.5338047011       -75.8391783093   2
      120.0000000000         1.9792883617         2.0760735289       114.5761933497       -75.8439794579   2
      140.0000000000         2.0430350874         2.1471077925       117.9704130623       -75.8473314771   2
      160.0000000000         2.1049018554         2.2155696268       121.6808597951       -75.8502290947   2
      180.0000000000         2.1626514364         2.2816474644       125.6784380077       -75.8533722942   2
      200.0000000000         2.2149689195         2.3460069175       129.9743427541       -75.8574020065   2
      220.0000000000         2.2616819428         2.4101977170       134.5663117829       -75.8625370845   2
      240.0000000000         2.3020848268         2.4755786614       139.4705899643       -75.8687963069   2
      260.0000000000         2.3356925910         2.5436213754       144.6857096310       -75.8764545259   2
      280.0000000000         2.3624274438         2.6155373010       150.2306965404       -75.8860649037   2
      300.0000000000         2.3830330431         2.6924276517       156.1217093263       -75.8969229228   2
      320.0000000000         2.3972530977         2.7751379083       162.3164962995       -75.9081570713   2
      340.0000000000         2.4049801206         2.8637557855       168.7980863044       -75.9205294436   2
