        0.0000000000         1.7078418729         1.8305649179       111.1041551361       -75.8192953295   2
       20.0000000000         1.7743357981         1.8477815832       112.4470472972       -75.8297446229   2
       40.0000000000         1.8608562133         1.8759284790       114.3488655061       -75.8393167845   2
       60.0000000000         1.9572297802         1.9125554697       116.7086130871       -75.8463252756   2
       80.0000000000         2.0565420581         1.9552381490       119.4462949381       -75.8509801000   2
      100.0000000000         2.1552647553         2.0002769521       122.5471308637       -75.8544622889   2
      120.0000000000         2.2525666749         2.0442675308       125.9455196591       -75.8577927011   2
      140.0000000000         2.3494075734         2.0848985380       129.6611014260       -75.8620039294   2
      160.0000000000         2.4485600675         2.1199548639       133.6829935279       -75.8676381415   2
      180.0000000000         2.5519850656         2.1473346449       138.0135947173       -75.8751788894   2
      200.0000000000         2.6613770179         2.1660316899       142.6632375534       -75.8840257428   2
      220.0000000000         2.7777426033         2.1744802352       147.6613991641       -75.8946577290   2
      240.0000000000         2.9004839383         2.1729488727       153.0174341195       -75.9062150489   2
      260.0000000000         3.0276932096         2.1617445516       158.7491881472       -75.9176687898   2
      280.0000000000         3.1559289400         2.1421774948       164.8745574336       -75.9270865131   2
      300.0000000000         3.2786648964         2.1162431178       171.3750962270       -75.9313284884   2
