        0.0000000000         1.7887432962         1.6624570130        99.1575156147       -75.7942868777   2
       20.0000000000         1.8420795505         1.7181844610       100.6807168079       -75.8068414542   2
       40.0000000000         1.9050396563         1.8024177074       102.4727273071       -75.8188075134   2
       60.0000000000         1.9726529544         1.9022208334       104.6683706096       -75.8277362636   2
       80.0000000000         2.0359961457         2.0050911185       106.7924113899       -75.8131941063   3
      100.0000000000         2.0899538940         2.1014455865       108.8242344398       -75.8061441347   3
      120.0000000000         2.1326692210         2.1856783019       110.7386616050       -75.7981266428   3
      140.0000000000         2.1626164656         2.2542995034       112.5274403730       -75.7903931667   3
      160.0000000000         2.1775850380         2.3051746510       114.2133024303       -75.7846179341   3
      180.0000000000         2.1764835508         2.3378264923       115.8148981631       -75.7814411767   3
      200.0000000000         2.1604781885         2.3523177342       117.3636653699       -75.7808691979   3
      220.0000000000         2.1313033245         2.3493072438       118.8945691701       -75.7824876559   3
      240.0000000000         2.0892634199         2.3300213459       120.4214066126       -75.7859689787   3
      260.0000000000         2.0347782323         2.2937357767       121.8990064050       -75.7908833741   3
      280.0000000000         1.9710922401         2.2389187730       123.2457602241       -75.7969146711   3
      300.0000000000         1.9019114793         2.1667503859       124.5273002451       -75.8025536466   3
      320.0000000000         1.8336123908         2.0791320827       125.7088851570       -75.8064022540   3
      340.0000000000         1.7734591315         1.9787443294       126.7528128367       -75.8072320560   3
      360.0000000000         1.7294641516         1.8712278455       127.6087554841       -75.8042879952   3
      380.0000000000         1.7087875926         1.7656011915       128.2222957416       -75.7976837919   3
      400.0000000000         1.7142405248         1.6752210684       128.5200097723       -75.7886342670   3
      420.0000000000         1.7432474196         1.6172990192       128.4504095143       -75.7813827609   3
      440.0000000000         1.7900964281         1.6055542458       128.0006130860       -75.7823579927   3
      460.0000000000         1.8476285956         1.6425647365       127.2121629451       -75.7920419053   3
      480.0000000000         1.9090275818         1.7201733932       126.1505526232       -75.8040822163   3
      500.0000000000         1.9687724889         1.8231105718       124.9061795026       -75.8111325353   3
      520.0000000000         2.0223696683         1.9358397288       123.5473976698       -75.8113092491   3
      540.0000000000         2.0662035913         2.0466465914       122.1034951989       -75.8065966672   3
      560.0000000000         2.0984020843         2.1474695223       120.5984987897       -75.7996336555   3
      580.0000000000         2.1190486325         2.2332633085       119.0234125370       -75.7926003552   3
      600.0000000000         2.1263186961         2.3007763761       117.3729116058       -75.7873652675   3
      620.0000000000         2.1198693962         2.3498096036       115.6565634871       -75.7843234843   3
      640.0000000000         2.0996301103         2.3801359195       113.8735481517       -75.7837435088   3
      660.0000000000         2.0665890313         2.3918455652       112.0120174895       -75.7851670951   3
      680.0000000000         2.0229515201         2.3849069744       110.0791326810       -75.7881708563   3
      700.0000000000         1.9711190492         2.3593708040       108.0697655410       -75.7923087385   3
      720.0000000000         1.9147161479         2.3156688766       105.9760815672       -75.7967098167   3
      740.0000000000         1.8590266419         2.2543996059       103.8022793474       -75.8005844427   3
      760.0000000000         1.8102166068         2.1768093974       101.5839068175       -75.8033417561   3
      780.0000000000         1.7744126327         2.0855222070        99.3751254032       -75.8045261358   3
      800.0000000000         1.7567732335         1.9855877531        97.3800102151       -75.8020362169   3
      820.0000000000         1.7614191225         1.8862279250        96.0227772392       -75.7975602899   3
      840.0000000000         1.7867137085         1.7910467217        94.9633977248       -75.8057200557   2
      860.0000000000         1.8285235557         1.7119376834        94.2334656897       -75.7996320916   2
      880.0000000000         1.8808335348         1.6624962066        93.8724071416       -75.7936611696   2
      900.0000000000         1.9380914973         1.6524341845        93.8960850033       -75.7925986137   2
      920.0000000000         1.9949227335         1.6837490289        94.3012558964       -75.7976668194   2
      940.0000000000         2.0470959910         1.7493921819        95.0628138057       -75.8052479741   2
      960.0000000000         2.0926305896         1.8369420256        96.1863442425       -75.8113745259   2
      980.0000000000         2.1321938740         1.9345688818        97.7273215244       -75.8151112300   2
     1000.0000000000         2.1609417136         2.0319354369        99.4452880761       -75.8038502192   3
     1020.0000000000         2.1758070001         2.1215127253       101.2248603347       -75.7990903263   3
     1040.0000000000         2.1758099538         2.1986651292       103.0255793926       -75.7943962150   3
     1060.0000000000         2.1607648173         2.2604693084       104.8444081245       -75.7909560830   3
     1080.0000000000         2.1306972885         2.3054546822       106.6966455222       -75.7894071088   3
     1100.0000000000         2.0868648157         2.3329294406       108.5846586741       -75.7896142743   3
     1120.0000000000         2.0315317868         2.3425392846       110.5148494383       -75.7912776577   3
     1140.0000000000         1.9673660368         2.3339396338       112.4965261629       -75.7938028378   3
     1160.0000000000         1.8989078237         2.3072301530       114.5257495822       -75.7962282088   3
     1180.0000000000         1.8323706478         2.2624787242       116.5937359122       -75.7979375877   3
     1200.0000000000         1.7753126208         2.2002518816       118.6739199319       -75.7989343526   3
     1220.0000000000         1.7356269826         2.1215052705       120.7300659196       -75.8002234885   3
     1240.0000000000         1.7196148515         2.0280503633       122.7034310602       -75.8027932255   3
     1260.0000000000         1.7297119619         1.9242294262       124.5262431203       -75.8058982069   3
     1280.0000000000         1.7634440090         1.8176838798       126.1351033723       -75.8066997722   3
     1300.0000000000         1.8146412151         1.7199016084       127.4994202508       -75.8018669663   3
     1320.0000000000         1.8742958114         1.6471751891       128.5687215244       -75.7925221725   3
     1340.0000000000         1.9349562802         1.6140611423       129.2926614281       -75.7856672340   3
     1360.0000000000         1.9903392136         1.6282825480       129.6555870514       -75.7868229145   3
     1380.0000000000         2.0362181250         1.6869283658       129.6696000507       -75.7944549199   3
     1400.0000000000         2.0701472526         1.7773057773       129.3797698377       -75.8017711120   3
     1420.0000000000         2.0908447675         1.8833330701       128.8067855351       -75.8046348871   3
     1440.0000000000         2.0981138364         1.9917758907       128.0140930376       -75.8031279036   3
     1460.0000000000         2.0917437781         2.0937116012       127.0660165385       -75.7995922289   3
     1480.0000000000         2.0745139797         2.1832910818       125.9530538718       -75.7953479347   3
     1500.0000000000         2.0472569992         2.2587128579       124.7619570796       -75.7918508247   3
     1520.0000000000         2.0163970350         2.3214659050       123.7607440742       -75.7850742101   4
     1540.0000000000         1.9856301857         2.3718473903       122.9426502146       -75.7813970067   4
     1560.0000000000         1.9586886629         2.4076286283       122.4219620738       -75.7781108407   4
     1580.0000000000         1.9370054887         2.4276287649       122.2109388388       -75.7760874383   4
     1600.0000000000         1.9211358499         2.4316334482       122.3014480062       -75.7754890477   4
     1620.0000000000         1.9117151017         2.4195596866       122.6969252390       -75.7763790518   4
     1640.0000000000         1.9092191090         2.3914421890       123.4025569300       -75.7787812669   4
     1660.0000000000         1.9137829341         2.3476214824       124.4152703003       -75.7825299633   4
     1680.0000000000         1.9246206237         2.2890283772       125.7200655705       -75.7873369893   4
     1700.0000000000         1.9397498434         2.2162748567       127.3592830280       -75.7933214730   4
     1720.0000000000         1.9579642165         2.1307018932       129.3625543814       -75.7990164932   4
     1740.0000000000         1.9769258101         2.0356072481       131.6086002545       -75.8028385689   4
     1760.0000000000         1.9950046876         1.9330788229       133.8657193505       -75.8071953492   3
     1780.0000000000         2.0104648985         1.8314945575       136.2804936233       -75.8050750570   3
     1800.0000000000         2.0214272618         1.7410682860       139.0189601173       -75.8001738012   3
     1820.0000000000         2.0259318989         1.6748927643       142.1108048641       -75.7935844567   3
     1840.0000000000         2.0228989519         1.6452557354       145.5458819869       -75.7905278172   3
     1860.0000000000         2.0122192474         1.6584280613       149.1906860838       -75.7945211099   3
     1880.0000000000         1.9944253206         1.7116621305       152.9223251050       -75.8036028717   3
     1900.0000000000         1.9713105718         1.7944017619       156.6310663829       -75.8121731863   3
     1920.0000000000         1.9451862902         1.8934680175       160.2573579272       -75.8165319939   3
     1940.0000000000         1.9188800115         1.9975549681       163.7901597878       -75.8164262599   3
     1960.0000000000         1.8954689391         2.0985323736       167.2387954188       -75.8132615994   3
     1980.0000000000         1.8775056735         2.1906795189       170.6407299395       -75.8085662079   3
     2000.0000000000         1.8671783330         2.2702864686       173.9953015408       -75.8033877149   3
